step,train_step_MulticlassAccuracy,train_step_reg_loss,train_step_loss,train_epoch_loss,train_epoch_MulticlassAccuracy
100,0.90234375,46.68869400024414,0.2882787585258484,,
200,0.9140625,47.28961944580078,0.27018195390701294,,
235,,,,0.5393527493831959,0.8448333144187927
300,0.921875,48.12808609008789,0.24311479926109314,,
400,0.91796875,49.010318756103516,0.2842290997505188,,
470,,,,0.26112300246319875,0.9223833084106445
500,0.921875,50.063560485839844,0.23142506182193756,,
600,0.93359375,51.20683670043945,0.1643589735031128,,
700,0.91796875,52.140785217285156,0.18632252514362335,,
705,,,,0.1969869405982342,0.9413999915122986
800,0.9609375,53.38663101196289,0.13788482546806335,,
900,0.96875,54.52009582519531,0.10057104378938675,,
940,,,,0.1572589529321549,0.9513833522796631
1000,0.96484375,55.57635498046875,0.14321184158325195,,
1100,0.94921875,56.541343688964844,0.13240589201450348,,
1175,,,,0.12755354249731024,0.9613000154495239
1200,0.94921875,57.698699951171875,0.10234629362821579,,
1300,0.96875,58.834716796875,0.09514404088258743,,
1400,0.9453125,60.01068878173828,0.15924718976020813,,
1410,,,,0.11225730250490473,0.9653833508491516
1500,0.96484375,61.12446212768555,0.08900311589241028,,
1600,0.96875,62.15338897705078,0.08578438311815262,,
1645,,,,0.09798552588896549,0.9692500233650208
1700,0.98828125,63.06913757324219,0.060704510658979416,,
1800,0.9609375,64.01522064208984,0.11601410806179047,,
1880,,,,0.08613987861478582,0.972599983215332
1900,0.9765625,64.8538589477539,0.06406597048044205,,
2000,0.9765625,65.8171157836914,0.06731772422790527,,
2100,0.98046875,66.92755889892578,0.060090985149145126,,
2115,,,,0.08009055109417185,0.975433349609375
2200,0.984375,67.85108947753906,0.05919746309518814,,
2300,0.97265625,69.05986022949219,0.11345468461513519,,
2350,,,,0.07466911090181229,0.9768000245094299
2400,0.98828125,70.04261016845703,0.033474892377853394,,
2500,0.98828125,70.95474243164062,0.0486316904425621,,
2585,,,,0.06669577533735874,0.9785333275794983
2600,1.0,71.65668487548828,0.023036077618598938,,
2700,0.98046875,72.74751281738281,0.08499128371477127,,
2800,0.9765625,73.6770248413086,0.07754572480916977,,
2820,,,,0.06829334289786664,0.977483332157135
2900,0.9765625,74.51239776611328,0.07884106040000916,,
3000,0.984375,75.62889099121094,0.042550522834062576,,
3055,,,,0.06094395810777837,0.9803166389465332
3100,0.9765625,76.72340393066406,0.0600307323038578,,
3200,0.98828125,77.65365600585938,0.03646000474691391,,
3290,,,,0.0563736599969103,0.9818000197410583
3300,0.97265625,78.413330078125,0.08014193177223206,,
3400,0.98046875,79.61257934570312,0.046303585171699524,,
3500,0.98828125,80.27851867675781,0.05688059702515602,,
3525,,,,0.054718587678322134,0.9821333289146423
3600,0.9921875,81.01272583007812,0.026275191456079483,,
3700,0.97265625,81.64452362060547,0.09495051950216293,,
3760,,,,0.05013165187407681,0.9833333492279053
3800,0.9765625,82.70449829101562,0.06310851871967316,,
3900,1.0,83.70957946777344,0.019221847876906395,,
3995,,,,0.049520220223100896,0.9839000105857849
4000,0.984375,84.53099060058594,0.03487952798604965,,
4100,0.9765625,85.62731170654297,0.07105308026075363,,
4200,0.99609375,86.50021362304688,0.015078241005539894,,
4230,,,,0.04740055455093054,0.9836333394050598
4300,0.9921875,87.27423095703125,0.04980362951755524,,
4400,0.984375,87.93733215332031,0.05016855522990227,,
4465,,,,0.04609358395509263,0.9843833446502686
4500,0.99609375,88.76094818115234,0.007979784160852432,,
4600,0.99609375,89.3128433227539,0.014610598795115948,,
4700,0.9791666865348816,89.98477935791016,0.044524937868118286,,
4700,,,,0.04118781091764252,0.9861999750137329
4800,0.9765625,90.61734008789062,0.07519987225532532,,
4900,0.984375,91.57341003417969,0.038728464394807816,,
4935,,,,0.03888974273379179,0.9871333241462708
5000,0.984375,92.28518676757812,0.052854061126708984,,
5100,0.9765625,93.08622741699219,0.04770300164818764,,
5170,,,,0.04001170361929751,0.9865000247955322
5200,0.99609375,94.00286102294922,0.01628483086824417,,
5300,0.98828125,94.81090545654297,0.022794688120484352,,
5400,0.99609375,95.68270874023438,0.019887534901499748,,
5405,,,,0.03781279566836484,0.9873499870300293
5500,0.98046875,96.25074005126953,0.04701516777276993,,
5600,0.97265625,97.2424545288086,0.06120121106505394,,
5640,,,,0.038090397492843736,0.9871500134468079
5700,0.9921875,97.91451263427734,0.02408089116215706,,
5800,0.96484375,98.37311553955078,0.10237470269203186,,
5875,,,,0.034314567288581996,0.9886333346366882
5900,0.9921875,99.11558532714844,0.014381947927176952,,
6000,0.98828125,99.57125091552734,0.03324281424283981,,
6100,0.98046875,100.22425079345703,0.03586632385849953,,
6110,,,,0.03327928973520373,0.9886000156402588
6200,0.9765625,101.14550018310547,0.0679115578532219,,
6300,0.9921875,101.84130096435547,0.02807881124317646,,
6345,,,,0.03260534578102066,0.9886500239372253
6400,1.0,102.37455749511719,0.008391207084059715,,
6500,0.9921875,102.86214447021484,0.03169911727309227,,
6580,,,,0.029776658141549596,0.9897666573524475
6600,0.984375,103.5995864868164,0.03286511078476906,,
6700,0.9921875,104.27080535888672,0.019542688503861427,,
6800,0.98046875,104.84437561035156,0.05523885041475296,,
6815,,,,0.0310838109199354,0.9896000027656555
6900,0.98828125,105.78903198242188,0.03648235648870468,,
7000,0.99609375,106.46355438232422,0.013109220191836357,,
7050,,,,0.03121933072131682,0.9894833564758301
