step,train_step_loss,train_step_reg_loss,train_step_MulticlassAccuracy,train_epoch_MulticlassAccuracy,train_epoch_loss
100,0.2939148247241974,45.92205047607422,0.89453125,,
200,0.26280009746551514,46.143211364746094,0.91015625,,
235,,,,0.8451666831970215,0.5387748424043046
300,0.24466755986213684,46.82537078857422,0.921875,,
400,0.2715059816837311,47.53997802734375,0.921875,,
470,,,,0.9236833453178406,0.25747599684177563
500,0.21833547949790955,48.36223220825195,0.93359375,,
600,0.15440019965171814,49.21454620361328,0.93359375,,
700,0.18247516453266144,49.777000427246094,0.92578125,,
705,,,,0.9429000020027161,0.19213602403376964
800,0.12325607240200043,50.664527893066406,0.96875,,
900,0.1061292290687561,51.42558670043945,0.96484375,,
940,,,,0.9540833234786987,0.1532286397003113
1000,0.15404795110225677,52.17613983154297,0.96484375,,
1100,0.13069899380207062,52.67646408081055,0.953125,,
1175,,,,0.9620833396911621,0.12662412223029643
1200,0.09840364754199982,53.27126693725586,0.95703125,,
1300,0.10930930078029633,53.8413200378418,0.9765625,,
1400,0.16722534596920013,54.572410583496094,0.9296875,,
1410,,,,0.964983344078064,0.11361397831363881
1500,0.0960298553109169,55.03089904785156,0.9765625,,
1600,0.08462256193161011,55.14854431152344,0.96484375,,
1645,,,,0.9701166749000549,0.09725173857617886
1700,0.06343048065900803,55.302303314208984,0.9921875,,
1800,0.11774083971977234,55.4885139465332,0.9609375,,
1880,,,,0.9726333618164062,0.0885485624854869
1900,0.07114842534065247,55.9532585144043,0.98046875,,
2000,0.07756594568490982,56.16889953613281,0.984375,,
2100,0.040961362421512604,56.689002990722656,0.984375,,
2115,,,,0.9745333194732666,0.083634323008517
2200,0.06641224771738052,56.79899215698242,0.9765625,,
2300,0.11755336821079254,57.00971221923828,0.9609375,,
2350,,,,0.9765333533287048,0.07759595396036797
2400,0.049912385642528534,57.43408966064453,0.98046875,,
2500,0.05193418636918068,57.57704162597656,0.984375,,
2585,,,,0.9788333177566528,0.07003554655833447
2600,0.04015936329960823,57.84510803222656,0.98828125,,
2700,0.09938787668943405,58.17464828491211,0.9765625,,
2800,0.08004090189933777,58.223655700683594,0.96875,,
2820,,,,0.9779333472251892,0.06986292902618013
2900,0.07629235833883286,58.50239181518555,0.98046875,,
3000,0.03845543786883354,58.70503616333008,0.984375,,
3055,,,,0.9782666563987732,0.0672955266259452
3100,0.06268172711133957,58.865482330322266,0.98046875,,
3200,0.054177843034267426,58.9229621887207,0.97265625,,
3290,,,,0.981416642665863,0.06053521772648426
3300,0.06453784555196762,59.046630859375,0.9765625,,
3400,0.04310893639922142,59.38425064086914,0.98828125,,
3500,0.0689847394824028,59.358646392822266,0.984375,,
3525,,,,0.9817666411399841,0.05762718118568684
3600,0.06268154084682465,59.57716751098633,0.9765625,,
3700,0.05222942680120468,59.66640853881836,0.98046875,,
3760,,,,0.9816499948501587,0.05498039273029946
3800,0.07169051468372345,59.86125564575195,0.97265625,,
3900,0.02871512807905674,60.04355239868164,0.98828125,,
3995,,,,0.981333315372467,0.0567538754816385
4000,0.02012033574283123,60.41215515136719,0.99609375,,
4100,0.043738771229982376,60.27884292602539,0.9765625,,
4200,0.026915714144706726,60.69074630737305,0.9921875,,
4230,,,,0.9831500053405762,0.051587274099918125
4300,0.03401842713356018,60.686187744140625,0.9921875,,
4400,0.06787331402301788,60.76506042480469,0.97265625,,
4465,,,,0.9834666848182678,0.050416280253929024
4500,0.013460972346365452,60.82530975341797,0.99609375,,
4600,0.03183867782354355,60.77507019042969,0.984375,,
4700,0.03189379349350929,60.9932975769043,0.9895833134651184,,
4700,,,,0.9845333099365234,0.04780345211162212
4800,0.06151159107685089,60.788639068603516,0.98046875,,
4900,0.04547310620546341,60.95909881591797,0.9765625,,
4935,,,,0.9850000143051147,0.04717325303465762
5000,0.03363223373889923,61.31132125854492,0.98828125,,
5100,0.05586254596710205,61.462059020996094,0.97265625,,
5170,,,,0.9837999939918518,0.048933877760267
5200,0.04537326842546463,61.458404541015625,0.984375,,
5300,0.034552935510873795,61.45550537109375,0.98828125,,
5400,0.013759461231529713,61.528160095214844,0.99609375,,
5405,,,,0.9858333468437195,0.04325458882574705
5500,0.025581413879990578,61.469242095947266,0.99609375,,
5600,0.04108304902911186,61.458438873291016,0.98046875,,
5640,,,,0.9868000149726868,0.041520228902710246
5700,0.021454941481351852,61.5376091003418,0.9921875,,
5800,0.03561351075768471,61.36016082763672,0.98828125,,
5875,,,,0.9868833422660828,0.040116753353876
5900,0.012671169824898243,61.462501525878906,1.0,,
6000,0.056669484823942184,61.28007507324219,0.9765625,,
6100,0.050185590982437134,61.42701721191406,0.984375,,
6110,,,,0.9871000051498413,0.039732967051578326
6200,0.03360718488693237,61.645164489746094,0.99609375,,
6300,0.04024150222539902,61.79522705078125,0.984375,,
6345,,,,0.9864500164985657,0.041114242089555615
6400,0.022932255640625954,62.00446319580078,0.9921875,,
6500,0.04388529807329178,61.64311599731445,0.984375,,
6580,,,,0.9883666634559631,0.03578554283272713
6600,0.03264997899532318,61.81913757324219,0.98828125,,
6700,0.038896117359399796,61.745445251464844,0.984375,,
6800,0.034652698785066605,61.91682815551758,0.98828125,,
6815,,,,0.987666666507721,0.03802028146988534
6900,0.04771459847688675,62.01685333251953,0.984375,,
7000,0.023585593327879906,61.904823303222656,0.9921875,,
7050,,,,0.9888499975204468,0.03662226387359043
