step,train_step_loss,train_step_MulticlassAccuracy,train_step_reg_loss,train_epoch_MulticlassAccuracy,train_epoch_loss
100,0.2890382707118988,0.90234375,44.65524673461914,,
200,0.26370468735694885,0.9140625,44.518165588378906,,
235,,,,0.8472166657447815,0.5326194442333059
300,0.2320164144039154,0.9375,44.756954193115234,,
400,0.24883580207824707,0.921875,44.81591033935547,,
470,,,,0.9297666549682617,0.23719938321316497
500,0.19143368303775787,0.953125,44.73982238769531,,
600,0.13974998891353607,0.94140625,44.62668228149414,,
700,0.1631024181842804,0.94140625,44.45835876464844,,
705,,,,0.946316659450531,0.18250816622947125
800,0.11956939101219177,0.9609375,44.36457443237305,,
900,0.1357039213180542,0.96484375,44.20249557495117,,
940,,,,0.9547333121299744,0.15372618630211404
1000,0.1496523916721344,0.9765625,43.994667053222656,,
1100,0.1661137491464615,0.9453125,43.73920440673828,,
1175,,,,0.9615333080291748,0.13134407879824334
1200,0.1045563593506813,0.96484375,43.62087631225586,,
1300,0.08851971477270126,0.98046875,43.417274475097656,,
1400,0.16282689571380615,0.9453125,43.21908187866211,,
1410,,,,0.9645666480064392,0.120346010222714
1500,0.08522497862577438,0.96875,42.96535873413086,,
1600,0.10640205442905426,0.96484375,42.75714111328125,,
1645,,,,0.9680500030517578,0.11098309056238925
1700,0.09507617354393005,0.96875,42.52536392211914,,
1800,0.13535071909427643,0.95703125,42.29209518432617,,
1880,,,,0.9695000052452087,0.10601784718480516
1900,0.08934535831212997,0.96875,42.098270416259766,,
2000,0.09012484550476074,0.98046875,41.76742172241211,,
2100,0.0738769993185997,0.96875,41.57487487792969,,
2115,,,,0.9705333113670349,0.10293704645430789
2200,0.09366799145936966,0.96875,41.215858459472656,,
2300,0.16315588355064392,0.953125,41.051822662353516,,
2350,,,,0.9719833135604858,0.09827026891264509
2400,0.07220479100942612,0.9765625,40.80587387084961,,
2500,0.08914266526699066,0.9765625,40.75856018066406,,
2585,,,,0.9742833375930786,0.09478940421596486
2600,0.06695247441530228,0.98046875,40.738651275634766,,
2700,0.11634400486946106,0.9609375,40.618221282958984,,
2800,0.13050781190395355,0.95703125,40.40191650390625,,
2820,,,,0.9739000201225281,0.09458888675621216
2900,0.09120720624923706,0.97265625,40.57462692260742,,
3000,0.06930149346590042,0.984375,40.54619598388672,,
3055,,,,0.9740833044052124,0.09172726354383408
3100,0.08317767828702927,0.98046875,40.412288665771484,,
3200,0.11828508228063583,0.9453125,40.44498825073242,,
3290,,,,0.9754666686058044,0.09072159669817763
3300,0.08270683139562607,0.97265625,40.57002639770508,,
3400,0.07571902871131897,0.98046875,40.338287353515625,,
3500,0.08376778662204742,0.984375,40.24689483642578,,
3525,,,,0.9760500192642212,0.08708678659923533
3600,0.0955674946308136,0.9765625,40.34588623046875,,
3700,0.07687097787857056,0.9765625,40.34567642211914,,
3760,,,,0.9765333533287048,0.08576646558147796
3800,0.07537047564983368,0.98046875,40.35499954223633,,
3900,0.0657573863863945,0.98046875,40.423851013183594,,
3995,,,,0.975350022315979,0.08683998397690185
4000,0.05594876408576965,0.98828125,40.372406005859375,,
4100,0.07779651880264282,0.97265625,40.317291259765625,,
4200,0.0557059682905674,0.98828125,40.333065032958984,,
4230,,,,0.9767666459083557,0.08532694427573935
4300,0.061409398913383484,0.98046875,40.304725646972656,,
4400,0.0933624804019928,0.98046875,40.29065704345703,,
4465,,,,0.9764833450317383,0.0840368409423118
4500,0.024988234043121338,1.0,40.252681732177734,,
4600,0.10998062044382095,0.9609375,40.204322814941406,,
4700,0.06881380826234818,0.9791666865348816,40.26325225830078,,
4700,,,,0.9778500199317932,0.08215009157961987
4800,0.10694484412670135,0.96484375,40.252994537353516,,
4900,0.10269735753536224,0.95703125,40.20722579956055,,
4935,,,,0.9778666496276855,0.08138896047751955
5000,0.06975822150707245,0.984375,40.253997802734375,,
5100,0.10099104791879654,0.96484375,40.28752899169922,,
5170,,,,0.9777666926383972,0.08124789189785085
5200,0.09482666850090027,0.96484375,40.336875915527344,,
5300,0.05052916333079338,0.984375,40.252986907958984,,
5400,0.06444044411182404,0.98828125,40.201717376708984,,
5405,,,,0.9786166548728943,0.079471769707
5500,0.06663499772548676,0.984375,40.180023193359375,,
5600,0.09071778506040573,0.97265625,40.26411437988281,,
5640,,,,0.978600025177002,0.08045222250388023
5700,0.0582004077732563,0.98828125,40.20276641845703,,
5800,0.10180401802062988,0.97265625,40.14548873901367,,
5875,,,,0.9796333312988281,0.07666094786626228
5900,0.045711126178503036,0.98828125,40.11833953857422,,
6000,0.08674262464046478,0.96875,40.20204162597656,,
6100,0.08160821348428726,0.96484375,40.17127227783203,,
6110,,,,0.9791499972343445,0.07667242461379538
6200,0.07625573128461838,0.984375,40.133934020996094,,
6300,0.0542534664273262,0.98828125,40.05247497558594,,
6345,,,,0.9805166721343994,0.07467046838174475
6400,0.048062484711408615,0.98828125,40.096595764160156,,
6500,0.0783567801117897,0.96875,40.153663635253906,,
6580,,,,0.9799166917800903,0.07653563715358998
6600,0.0973508283495903,0.98046875,40.17595672607422,,
6700,0.07653798162937164,0.984375,40.13114547729492,,
6800,0.10026126354932785,0.96484375,40.20888137817383,,
6815,,,,0.9797333478927612,0.07527818644141897
6900,0.11680160462856293,0.9609375,40.30999755859375,,
7000,0.0691303089261055,0.984375,40.18989562988281,,
7050,,,,0.9800000190734863,0.07503408344185099
